-3	-0.970662	-0.970746	0.404287	0.42972
-2.99	-0.966491	-0.966449	0.429769	0.42972
-2.98	-0.962068	-0.962028	0.454663	0.454612
-2.97	-0.9574	-0.95736	0.478942	0.478888
-2.96	-0.952492	-0.952453	0.502581	0.502526
-2.95	-0.947351	-0.947313	0.525558	0.525501
-2.94	-0.941983	-0.941946	0.547853	0.547794
-2.93	-0.936396	-0.93636	0.569447	0.569388
-2.92	-0.930596	-0.930562	0.590326	0.590265
-2.91	-0.924592	-0.924559	0.610474	0.610412
-2.9	-0.918389	-0.918358	0.629881	0.629818
-2.89	-0.911997	-0.911966	0.648536	0.648472
-2.88	-0.905421	-0.905392	0.666432	0.666368
-2.87	-0.898671	-0.898643	0.683564	0.6835
-2.86	-0.891752	-0.891726	0.699928	0.699864
-2.85	-0.884675	-0.884649	0.715522	0.715458
-2.84	-0.877445	-0.87742	0.730347	0.730283
-2.83	-0.87007	-0.870047	0.744404	0.74434
-2.82	-0.862559	-0.862537	0.757697	0.757634
-2.81	-0.854919	-0.854898	0.770232	0.770169
-2.8	-0.847157	-0.847138	0.782015	0.781953
-2.79	-0.839281	-0.839263	0.793053	0.792992
-2.78	-0.831298	-0.831282	0.803358	0.803298
-2.77	-0.823216	-0.823201	0.812939	0.81288
-2.76	-0.815042	-0.815028	0.821809	0.82175
-2.75	-0.806782	-0.806769	0.829979	0.829922
-2.74	-0.798445	-0.798433	0.837466	0.83741
-2.73	-0.790035	-0.790024	0.844282	0.844228
-2.72	-0.781561	-0.781551	0.850445	0.850392
-2.71	-0.773028	-0.77302	0.855969	0.855918
-2.7	-0.764444	-0.764436	0.860873	0.860823
-2.69	-0.755813	-0.755806	0.865174	0.865125
-2.68	-0.747142	-0.747137	0.868889	0.868842
-2.67	-0.738437	-0.738432	0.872038	0.871992
-2.66	-0.729703	-0.729699	0.874638	0.874594
-2.65	-0.720946	-0.720943	0.876709	0.876666
-2.64	-0.712171	-0.712169	0.878269	0.878228
-2.63	-0.703382	-0.703381	0.879338	0.879299
-2.62	-0.694586	-0.694585	0.879935	0.879898
-2.61	-0.685785	-0.685785	0.88008	0.880044
-2.6	-0.676985	-0.676986	0.87979	0.879756
-2.59	-0.668191	-0.668192	0.879086	0.879053
-2.58	-0.659405	-0.659407	0.877987	0.877955
-2.57	-0.650632	-0.650635	0.87651	0.87648
-2.56	-0.641876	-0.641879	0.874674	0.874645
-2.55	-0.63314	-0.633144	0.872498	0.872471
-2.54	-0.624427	-0.624432	0.869998	0.869973
-2.53	-0.615741	-0.615746	0.867194	0.86717
-2.52	-0.607084	-0.60709	0.864102	0.864079
-2.51	-0.59846	-0.598466	0.860738	0.860717
-2.5	-0.58987	-0.589877	0.85712	0.8571
-2.49	-0.581318	-0.581325	0.853262	0.853244
-2.48	-0.572806	-0.572813	0.849182	0.849164
-2.47	-0.564335	-0.564343	0.844893	0.844877
-2.46	-0.555909	-0.555916	0.84041	0.840396
-2.45	-0.547528	-0.547536	0.835749	0.835735
-2.44	-0.539194	-0.539202	0.830922	0.83091
-2.43	-0.53091	-0.530918	0.825943	0.825932
-2.42	-0.522676	-0.522684	0.820825	0.820815
-2.41	-0.514494	-0.514503	0.815581	0.815571
-2.4	-0.506365	-0.506374	0.810222	0.810213
-2.39	-0.49829	-0.498299	0.804759	0.804752
-2.38	-0.49027	-0.490279	0.799205	0.799198
-2.37	-0.482306	-0.482315	0.793569	0.793563
-2.36	-0.474399	-0.474408	0.787863	0.787857
-2.35	-0.466549	-0.466558	0.782094	0.78209
-2.34	-0.458757	-0.458767	0.776275	0.776271
-2.33	-0.451023	-0.451033	0.770412	0.770409
-2.32	-0.443349	-0.443359	0.764515	0.764513
-2.31	-0.435733	-0.435743	0.758591	0.75859
-2.3	-0.428177	-0.428187	0.75265	0.752649
-2.29	-0.42068	-0.42069	0.746698	0.746697
-2.28	-0.413243	-0.413253	0.740742	0.740742
-2.27	-0.405865	-0.405875	0.734789	0.734789
-2.26	-0.398547	-0.398557	0.728845	0.728846
-2.25	-0.391288	-0.391298	0.722917	0.722919
-2.24	-0.384089	-0.384099	0.71701	0.717012
-2.23	-0.376948	-0.376958	0.71113	0.711133
-2.22	-0.369866	-0.369876	0.705282	0.705285
-2.21	-0.362842	-0.362852	0.699471	0.699474
-2.2	-0.355877	-0.355886	0.693701	0.693704
-2.19	-0.348968	-0.348978	0.687976	0.68798
-2.18	-0.342117	-0.342126	0.682302	0.682306
-2.17	-0.335322	-0.335331	0.676681	0.676686
-2.16	-0.328583	-0.328592	0.671118	0.671123
-2.15	-0.321899	-0.321909	0.665615	0.665621
-2.14	-0.315271	-0.31528	0.660177	0.660182
-2.13	-0.308696	-0.308705	0.654805	0.654811
-2.12	-0.302174	-0.302183	0.649503	0.649509
-2.11	-0.295705	-0.295714	0.644274	0.64428
-2.1	-0.289288	-0.289297	0.639119	0.639126
-2.09	-0.282923	-0.282931	0.634042	0.634048
-2.08	-0.276607	-0.276616	0.629043	0.62905
-2.07	-0.270342	-0.27035	0.624126	0.624133
-2.06	-0.264125	-0.264133	0.619292	0.619299
-2.05	-0.257955	-0.257963	0.614543	0.61455
-2.04	-0.251833	-0.251841	0.60988	0.609887
-2.03	-0.245758	-0.245765	0.605305	0.605312
-2.02	-0.239727	-0.239734	0.600819	0.600826
-2.01	-0.233741	-0.233748	0.596423	0.596431
-2	-0.227798	-0.227805	0.592119	0.592127
-1.99	-0.221898	-0.221905	0.587907	0.587915
-1.98	-0.21604	-0.216047	0.583789	0.583797
-1.97	-0.210222	-0.210229	0.579765	0.579773
-1.96	-0.204444	-0.204451	0.575836	0.575844
-1.95	-0.198705	-0.198711	0.572003	0.572011
-1.94	-0.193004	-0.19301	0.568266	0.568275
-1.93	-0.187339	-0.187345	0.564627	0.564635
-1.92	-0.181711	-0.181717	0.561085	0.561093
-1.91	-0.176117	-0.176123	0.557641	0.557649
-1.9	-0.170558	-0.170563	0.554295	0.554303
-1.89	-0.165031	-0.165037	0.551048	0.551056
-1.88	-0.159537	-0.159542	0.5479	0.547908
-1.87	-0.154073	-0.154078	0.544852	0.54486
-1.86	-0.148639	-0.148644	0.541903	0.541911
-1.85	-0.143234	-0.143239	0.539054	0.539062
-1.84	-0.137858	-0.137862	0.536304	0.536313
-1.83	-0.132508	-0.132512	0.533655	0.533664
-1.82	-0.127184	-0.127188	0.531106	0.531115
-1.81	-0.121886	-0.12189	0.528658	0.528666
-1.8	-0.116611	-0.116615	0.526309	0.526318
-1.79	-0.111359	-0.111363	0.524062	0.52407
-1.78	-0.106129	-0.106133	0.521914	0.521923
-1.77	-0.10092	-0.100924	0.519867	0.519876
-1.76	-0.0957316	-0.0957347	0.517921	0.517929
-1.75	-0.0905617	-0.0905647	0.516075	0.516083
-1.74	-0.0854097	-0.0854126	0.51433	0.514338
-1.73	-0.0802747	-0.0802774	0.512685	0.512693
-1.72	-0.0751557	-0.0751582	0.51114	0.511148
-1.71	-0.0700516	-0.0700539	0.509696	0.509704
-1.7	-0.0649615	-0.0649636	0.508352	0.50836
-1.69	-0.0598842	-0.0598862	0.507109	0.507117
-1.68	-0.0548189	-0.0548208	0.505966	0.505974
-1.67	-0.0497646	-0.0497662	0.504923	0.504931
-1.66	-0.0447202	-0.0447217	0.50398	0.503988
-1.65	-0.0396847	-0.039686	0.503137	0.503146
-1.64	-0.0346571	-0.0346582	0.502395	0.502403
-1.63	-0.0296364	-0.0296374	0.501753	0.501761
-1.62	-0.0246217	-0.0246225	0.501211	0.501219
-1.61	-0.0196119	-0.0196125	0.500769	0.500777
-1.6	-0.014606	-0.0146065	0.500426	0.500435
-1.59	-0.00960302	-0.00960334	0.500184	0.500193
-1.58	-0.00460197	-0.00460212	0.500042	0.500051
-1.57	0.000398163	0.000398177	0.5	0.500009
-1.56	0.00539837	0.00539855	0.500058	0.500067
-1.55	0.0103997	0.0104	0.500216	0.500225
-1.54	0.015403	0.0154035	0.500474	0.500483
-1.53	0.0204095	0.0204102	0.500832	0.500841
-1.52	0.02542	0.0254209	0.50129	0.501299
-1.51	0.0304356	0.0304366	0.501848	0.501857
-1.5	0.0354573	0.0354585	0.502507	0.502515
-1.49	0.0404861	0.0404874	0.503265	0.503273
-1.48	0.0455229	0.0455245	0.504123	0.504132
-1.47	0.0505689	0.0505706	0.505082	0.50509
-1.46	0.0556249	0.0556268	0.506141	0.506149
-1.45	0.060692	0.0606941	0.5073	0.507308
-1.44	0.0657713	0.0657734	0.508559	0.508568
-1.43	0.0708636	0.0708659	0.509919	0.509928
-1.42	0.07597	0.0759725	0.511379	0.511388
-1.41	0.0810915	0.0810942	0.51294	0.512948
-1.4	0.0862291	0.086232	0.514601	0.514609
-1.39	0.0913838	0.0913869	0.516362	0.516371
-1.38	0.0965567	0.0965599	0.518224	0.518233
-1.37	0.101749	0.101752	0.520187	0.520195
-1.36	0.106961	0.106964	0.522249	0.522258
-1.35	0.112194	0.112198	0.524413	0.524421
-1.34	0.117449	0.117453	0.526677	0.526685
-1.33	0.122728	0.122732	0.529041	0.529049
-1.32	0.12803	0.128035	0.531506	0.531514
-1.31	0.133358	0.133363	0.53407	0.534079
-1.3	0.138712	0.138717	0.536735	0.536744
-1.29	0.144093	0.144098	0.539501	0.539509
-1.28	0.149503	0.149507	0.542366	0.542374
-1.27	0.154941	0.154946	0.545331	0.545339
-1.26	0.16041	0.160415	0.548395	0.548403
-1.25	0.165909	0.165915	0.551559	0.551567
-1.24	0.171441	0.171447	0.554821	0.554829
-1.23	0.177006	0.177012	0.558183	0.558191
-1.22	0.182605	0.182611	0.561642	0.561651
-1.21	0.188239	0.188245	0.5652	0.565208
-1.2	0.193909	0.193916	0.568855	0.568863
-1.19	0.199617	0.199623	0.572607	0.572615
-1.18	0.205362	0.205368	0.576455	0.576463
-1.17	0.211146	0.211153	0.5804	0.580407
-1.16	0.21697	0.216977	0.584439	0.584446
-1.15	0.222835	0.222842	0.588572	0.58858
-1.14	0.228742	0.228749	0.592798	0.592806
-1.13	0.234691	0.234699	0.597117	0.597125
-1.12	0.240684	0.240692	0.601527	0.601535
-1.11	0.246722	0.24673	0.606028	0.606035
-1.1	0.252805	0.252813	0.610617	0.610624
-1.09	0.258935	0.258943	0.615294	0.615301
-1.08	0.265111	0.26512	0.620056	0.620064
-1.07	0.271336	0.271344	0.624904	0.624911
-1.06	0.27761	0.277618	0.629834	0.629841
-1.05	0.283933	0.283942	0.634845	0.634852
-1.04	0.290307	0.290316	0.639935	0.639941
-1.03	0.296732	0.296741	0.645102	0.645108
-1.02	0.303209	0.303218	0.650343	0.650349
-1.01	0.309739	0.309748	0.655656	0.655662
-1	0.316323	0.316332	0.661039	0.661044
-0.99	0.32296	0.322969	0.666488	0.666493
-0.98	0.329653	0.329662	0.672	0.672005
-0.97	0.3364	0.33641	0.677573	0.677577
-0.96	0.343204	0.343214	0.683202	0.683207
-0.95	0.350065	0.350074	0.688885	0.688889
-0.94	0.356982	0.356992	0.694617	0.69462
-0.93	0.363957	0.363967	0.700393	0.700397
-0.92	0.37099	0.371	0.706211	0.706214
-0.91	0.378081	0.378091	0.712065	0.712067
-0.9	0.385232	0.385241	0.717949	0.717951
-0.89	0.392441	0.39245	0.72386	0.723862
-0.88	0.399709	0.399719	0.729791	0.729792
-0.87	0.407036	0.407046	0.735736	0.735737
-0.86	0.414424	0.414433	0.74169	0.74169
-0.85	0.42187	0.42188	0.747646	0.747646
-0.84	0.429376	0.429386	0.753597	0.753596
-0.83	0.436942	0.436952	0.759536	0.759535
-0.82	0.444567	0.444577	0.765456	0.765454
-0.81	0.452251	0.452261	0.771348	0.771345
-0.8	0.459994	0.460004	0.777205	0.777201
-0.79	0.467795	0.467805	0.783017	0.783012
-0.78	0.475654	0.475664	0.788776	0.788771
-0.77	0.48357	0.48358	0.794472	0.794466
-0.76	0.491543	0.491553	0.800095	0.800088
-0.75	0.499572	0.499581	0.805636	0.805628
-0.74	0.507656	0.507665	0.811082	0.811074
-0.73	0.515793	0.515802	0.816424	0.816414
-0.72	0.523984	0.523992	0.821649	0.821639
-0.71	0.532226	0.532234	0.826746	0.826734
-0.7	0.540518	0.540526	0.831701	0.831689
-0.69	0.548859	0.548867	0.836503	0.836489
-0.68	0.557248	0.557255	0.841137	0.841122
-0.67	0.565682	0.565689	0.845589	0.845573
-0.66	0.574159	0.574166	0.849846	0.849828
-0.65	0.582678	0.582684	0.853892	0.853873
-0.64	0.591236	0.591242	0.857712	0.857692
-0.63	0.599831	0.599837	0.861291	0.86127
-0.62	0.608461	0.608466	0.864613	0.86459
-0.61	0.617123	0.617127	0.86766	0.867636
-0.6	0.625813	0.625818	0.870417	0.870392
-0.59	0.63453	0.634534	0.872866	0.872839
-0.58	0.643269	0.643273	0.87499	0.874961
-0.57	0.652028	0.652031	0.876769	0.876739
-0.56	0.660804	0.660806	0.878187	0.878156
-0.55	0.669591	0.669592	0.879226	0.879192
-0.54	0.678387	0.678387	0.879865	0.87983
-0.53	0.687187	0.687187	0.880086	0.88005
-0.52	0.695987	0.695986	0.879871	0.879833
-0.51	0.704783	0.704781	0.8792	0.87916
-0.5	0.713569	0.713567	0.878054	0.878013
-0.49	0.722342	0.722339	0.876413	0.876371
-0.48	0.731096	0.731092	0.87426	0.874215
-0.47	0.739826	0.739821	0.871574	0.871528
-0.46	0.748526	0.74852	0.868336	0.868289
-0.45	0.75719	0.757184	0.864529	0.86448
-0.44	0.765814	0.765806	0.860133	0.860083
-0.43	0.774391	0.774382	0.855131	0.85508
-0.42	0.782915	0.782905	0.849506	0.849453
-0.41	0.791379	0.791368	0.843241	0.843186
-0.4	0.799777	0.799765	0.836319	0.836263
-0.39	0.808103	0.80809	0.828724	0.828667
-0.38	0.81635	0.816335	0.820443	0.820385
-0.37	0.82451	0.824494	0.811461	0.811402
-0.36	0.832576	0.83256	0.801766	0.801705
-0.35	0.840543	0.840525	0.791345	0.791283
-0.34	0.848401	0.848382	0.780188	0.780126
-0.33	0.856144	0.856123	0.768286	0.768223
-0.32	0.863764	0.863742	0.755631	0.755568
-0.31	0.871254	0.871231	0.742217	0.742153
-0.3	0.878606	0.878582	0.728037	0.727973
-0.29	0.885812	0.885787	0.71309	0.713026
-0.28	0.892865	0.892838	0.697373	0.697309
-0.27	0.899757	0.899729	0.680887	0.680823
-0.26	0.90648	0.906451	0.663633	0.663569
-0.25	0.913027	0.912997	0.645615	0.645552
-0.24	0.91939	0.919358	0.62684	0.626777
-0.23	0.925561	0.925528	0.607314	0.607253
-0.22	0.931534	0.9315	0.587049	0.586988
-0.21	0.9373	0.937264	0.566056	0.565996
-0.2	0.942853	0.942816	0.544348	0.54429
-0.19	0.948185	0.948147	0.521943	0.521887
-0.18	0.953289	0.95325	0.49886	0.498805
-0.17	0.95816	0.95812	0.475117	0.475064
-0.16	0.962789	0.962748	0.450739	0.450688
-0.15	0.967172	0.96713	0.425749	0.425701
-0.14	0.971303	0.971259	0.400176	0.400129
-0.13	0.975174	0.97513	0.374047	0.374003
-0.12	0.978782	0.978737	0.347393	0.347352
-0.11	0.98212	0.982075	0.320247	0.320209
-0.1	0.985185	0.985139	0.292643	0.292608
-0.09	0.987972	0.987925	0.264617	0.264585
-0.08	0.990476	0.990429	0.236207	0.236178
-0.07	0.992695	0.992647	0.207452	0.207426
-0.06	0.994624	0.994576	0.178391	0.178369
-0.05	0.996262	0.996213	0.149067	0.149049
-0.04	0.997605	0.997555	0.119521	0.119507
-0.03	0.998652	0.998602	0.0897979	0.0897867
-0.02	0.9994	0.99935	0.05994	0.0599326
-0.01	0.99985	0.9998	0.0299925	0.0299888
0	1	0.99995	-0	4.44089e-12
0.01	0.99985	0.9998	-0.0299925	-0.0299888
0.02	0.9994	0.99935	-0.05994	-0.0599326
0.03	0.998652	0.998602	-0.0897979	-0.0897867
0.04	0.997605	0.997555	-0.119521	-0.119507
0.05	0.996262	0.996213	-0.149067	-0.149049
0.06	0.994624	0.994576	-0.178391	-0.178369
0.07	0.992695	0.992647	-0.207452	-0.207426
0.08	0.990476	0.990429	-0.236207	-0.236178
0.09	0.987972	0.987925	-0.264617	-0.264585
0.1	0.985185	0.985139	-0.292643	-0.292608
0.11	0.98212	0.982075	-0.320247	-0.320209
0.12	0.978782	0.978737	-0.347393	-0.347352
0.13	0.975174	0.97513	-0.374047	-0.374003
0.14	0.971303	0.971259	-0.400176	-0.400129
0.15	0.967172	0.96713	-0.425749	-0.425701
0.16	0.962789	0.962748	-0.450739	-0.450688
0.17	0.95816	0.95812	-0.475117	-0.475064
0.18	0.953289	0.95325	-0.49886	-0.498805
0.19	0.948185	0.948147	-0.521943	-0.521887
0.2	0.942853	0.942816	-0.544348	-0.54429
0.21	0.9373	0.937264	-0.566056	-0.565996
0.22	0.931534	0.9315	-0.587049	-0.586988
0.23	0.925561	0.925528	-0.607314	-0.607253
0.24	0.91939	0.919358	-0.62684	-0.626777
0.25	0.913027	0.912997	-0.645615	-0.645552
0.26	0.90648	0.906451	-0.663633	-0.663569
0.27	0.899757	0.899729	-0.680887	-0.680823
0.28	0.892865	0.892838	-0.697373	-0.697309
0.29	0.885812	0.885787	-0.71309	-0.713026
0.3	0.878606	0.878582	-0.728037	-0.727973
0.31	0.871254	0.871231	-0.742217	-0.742153
0.32	0.863764	0.863742	-0.755631	-0.755568
0.33	0.856144	0.856123	-0.768286	-0.768223
0.34	0.848401	0.848382	-0.780188	-0.780126
0.35	0.840543	0.840525	-0.791345	-0.791283
0.36	0.832576	0.83256	-0.801766	-0.801705
0.37	0.82451	0.824494	-0.811461	-0.811402
0.38	0.81635	0.816335	-0.820443	-0.820385
0.39	0.808103	0.80809	-0.828724	-0.828667
0.4	0.799777	0.799765	-0.836319	-0.836263
0.41	0.791379	0.791368	-0.843241	-0.843186
0.42	0.782915	0.782905	-0.849506	-0.849453
0.43	0.774391	0.774382	-0.855131	-0.85508
0.44	0.765814	0.765806	-0.860133	-0.860083
0.45	0.75719	0.757184	-0.864529	-0.86448
0.46	0.748526	0.74852	-0.868336	-0.868289
0.47	0.739826	0.739821	-0.871574	-0.871528
0.48	0.731096	0.731092	-0.87426	-0.874215
0.49	0.722342	0.722339	-0.876413	-0.876371
0.5	0.713569	0.713567	-0.878054	-0.878013
0.51	0.704783	0.704781	-0.8792	-0.87916
0.52	0.695987	0.695986	-0.879871	-0.879833
0.53	0.687187	0.687187	-0.880086	-0.88005
0.54	0.678387	0.678387	-0.879865	-0.87983
0.55	0.669591	0.669592	-0.879226	-0.879192
0.56	0.660804	0.660806	-0.878187	-0.878156
0.57	0.652028	0.652031	-0.876769	-0.876739
0.58	0.643269	0.643273	-0.87499	-0.874961
0.59	0.63453	0.634534	-0.872866	-0.872839
0.6	0.625813	0.625818	-0.870417	-0.870392
0.61	0.617123	0.617127	-0.86766	-0.867636
0.62	0.608461	0.608466	-0.864613	-0.86459
0.63	0.599831	0.599837	-0.861291	-0.86127
0.64	0.591236	0.591242	-0.857712	-0.857692
0.65	0.582678	0.582684	-0.853892	-0.853873
0.66	0.574159	0.574166	-0.849846	-0.849828
0.67	0.565682	0.565689	-0.845589	-0.845573
0.68	0.557248	0.557255	-0.841137	-0.841122
0.69	0.548859	0.548867	-0.836503	-0.836489
0.7	0.540518	0.540526	-0.831701	-0.831689
0.71	0.532226	0.532234	-0.826746	-0.826734
0.72	0.523984	0.523992	-0.821649	-0.821639
0.73	0.515793	0.515802	-0.816424	-0.816414
0.74	0.507656	0.507665	-0.811082	-0.811074
0.75	0.499572	0.499581	-0.805636	-0.805628
0.76	0.491543	0.491553	-0.800095	-0.800088
0.77	0.48357	0.48358	-0.794472	-0.794466
0.78	0.475654	0.475664	-0.788776	-0.788771
0.79	0.467795	0.467805	-0.783017	-0.783012
0.8	0.459994	0.460004	-0.777205	-0.777201
0.81	0.452251	0.452261	-0.771348	-0.771345
0.82	0.444567	0.444577	-0.765456	-0.765454
0.83	0.436942	0.436952	-0.759536	-0.759535
0.84	0.429376	0.429386	-0.753597	-0.753596
0.85	0.42187	0.42188	-0.747646	-0.747646
0.86	0.414424	0.414433	-0.74169	-0.74169
0.87	0.407036	0.407046	-0.735736	-0.735737
0.88	0.399709	0.399719	-0.729791	-0.729792
0.89	0.392441	0.39245	-0.72386	-0.723862
0.9	0.385232	0.385241	-0.717949	-0.717951
0.91	0.378081	0.378091	-0.712065	-0.712067
0.92	0.37099	0.371	-0.706211	-0.706214
0.93	0.363957	0.363967	-0.700393	-0.700397
0.94	0.356982	0.356992	-0.694617	-0.69462
0.95	0.350065	0.350074	-0.688885	-0.688889
0.96	0.343204	0.343214	-0.683202	-0.683207
0.97	0.3364	0.33641	-0.677573	-0.677577
0.98	0.329653	0.329662	-0.672	-0.672005
0.99	0.32296	0.322969	-0.666488	-0.666493
1	0.316323	0.316332	-0.661039	-0.661044
1.01	0.309739	0.309748	-0.655656	-0.655662
1.02	0.303209	0.303218	-0.650343	-0.650349
1.03	0.296732	0.296741	-0.645102	-0.645108
1.04	0.290307	0.290316	-0.639935	-0.639941
1.05	0.283933	0.283942	-0.634845	-0.634852
1.06	0.27761	0.277618	-0.629834	-0.629841
1.07	0.271336	0.271344	-0.624904	-0.624911
1.08	0.265111	0.26512	-0.620056	-0.620064
1.09	0.258935	0.258943	-0.615294	-0.615301
1.1	0.252805	0.252813	-0.610617	-0.610624
1.11	0.246722	0.24673	-0.606028	-0.606035
1.12	0.240684	0.240692	-0.601527	-0.601535
1.13	0.234691	0.234699	-0.597117	-0.597125
1.14	0.228742	0.228749	-0.592798	-0.592806
1.15	0.222835	0.222842	-0.588572	-0.58858
1.16	0.21697	0.216977	-0.584439	-0.584446
1.17	0.211146	0.211153	-0.5804	-0.580407
1.18	0.205362	0.205368	-0.576455	-0.576463
1.19	0.199617	0.199623	-0.572607	-0.572615
1.2	0.193909	0.193916	-0.568855	-0.568863
1.21	0.188239	0.188245	-0.5652	-0.565208
1.22	0.182605	0.182611	-0.561642	-0.561651
1.23	0.177006	0.177012	-0.558183	-0.558191
1.24	0.171441	0.171447	-0.554821	-0.554829
1.25	0.165909	0.165915	-0.551559	-0.551567
1.26	0.16041	0.160415	-0.548395	-0.548403
1.27	0.154941	0.154946	-0.545331	-0.545339
1.28	0.149503	0.149507	-0.542366	-0.542374
1.29	0.144093	0.144098	-0.539501	-0.539509
1.3	0.138712	0.138717	-0.536735	-0.536744
1.31	0.133358	0.133363	-0.53407	-0.534079
1.32	0.12803	0.128035	-0.531506	-0.531514
1.33	0.122728	0.122732	-0.529041	-0.529049
1.34	0.117449	0.117453	-0.526677	-0.526685
1.35	0.112194	0.112198	-0.524413	-0.524421
1.36	0.106961	0.106964	-0.522249	-0.522258
1.37	0.101749	0.101752	-0.520187	-0.520195
1.38	0.0965567	0.0965599	-0.518224	-0.518233
1.39	0.0913838	0.0913869	-0.516362	-0.516371
1.4	0.0862291	0.086232	-0.514601	-0.514609
1.41	0.0810915	0.0810942	-0.51294	-0.512948
1.42	0.07597	0.0759725	-0.511379	-0.511388
1.43	0.0708636	0.0708659	-0.509919	-0.509928
1.44	0.0657713	0.0657734	-0.508559	-0.508568
1.45	0.060692	0.0606941	-0.5073	-0.507308
1.46	0.0556249	0.0556268	-0.506141	-0.506149
1.47	0.0505689	0.0505706	-0.505082	-0.50509
1.48	0.0455229	0.0455245	-0.504123	-0.504132
1.49	0.0404861	0.0404874	-0.503265	-0.503273
1.5	0.0354573	0.0354585	-0.502507	-0.502515
1.51	0.0304356	0.0304366	-0.501848	-0.501857
1.52	0.02542	0.0254209	-0.50129	-0.501299
1.53	0.0204095	0.0204102	-0.500832	-0.500841
1.54	0.015403	0.0154035	-0.500474	-0.500483
1.55	0.0103997	0.0104	-0.500216	-0.500225
1.56	0.00539837	0.00539855	-0.500058	-0.500067
1.57	0.000398163	0.000398177	-0.5	-0.500009
1.58	-0.00460197	-0.00460212	-0.500042	-0.500051
1.59	-0.00960302	-0.00960334	-0.500184	-0.500193
1.6	-0.014606	-0.0146065	-0.500426	-0.500435
1.61	-0.0196119	-0.0196125	-0.500769	-0.500777
1.62	-0.0246217	-0.0246225	-0.501211	-0.501219
1.63	-0.0296364	-0.0296374	-0.501753	-0.501761
1.64	-0.0346571	-0.0346582	-0.502395	-0.502403
1.65	-0.0396847	-0.039686	-0.503137	-0.503146
1.66	-0.0447202	-0.0447217	-0.50398	-0.503988
1.67	-0.0497646	-0.0497662	-0.504923	-0.504931
1.68	-0.0548189	-0.0548208	-0.505966	-0.505974
1.69	-0.0598842	-0.0598862	-0.507109	-0.507117
1.7	-0.0649615	-0.0649636	-0.508352	-0.50836
1.71	-0.0700516	-0.0700539	-0.509696	-0.509704
1.72	-0.0751557	-0.0751582	-0.51114	-0.511148
1.73	-0.0802747	-0.0802774	-0.512685	-0.512693
1.74	-0.0854097	-0.0854126	-0.51433	-0.514338
1.75	-0.0905617	-0.0905647	-0.516075	-0.516083
1.76	-0.0957316	-0.0957347	-0.517921	-0.517929
1.77	-0.10092	-0.100924	-0.519867	-0.519876
1.78	-0.106129	-0.106133	-0.521914	-0.521923
1.79	-0.111359	-0.111363	-0.524062	-0.52407
1.8	-0.116611	-0.116615	-0.526309	-0.526318
1.81	-0.121886	-0.12189	-0.528658	-0.528666
1.82	-0.127184	-0.127188	-0.531106	-0.531115
1.83	-0.132508	-0.132512	-0.533655	-0.533664
1.84	-0.137858	-0.137862	-0.536304	-0.536313
1.85	-0.143234	-0.143239	-0.539054	-0.539062
1.86	-0.148639	-0.148644	-0.541903	-0.541911
1.87	-0.154073	-0.154078	-0.544852	-0.54486
1.88	-0.159537	-0.159542	-0.5479	-0.547908
1.89	-0.165031	-0.165037	-0.551048	-0.551056
1.9	-0.170558	-0.170563	-0.554295	-0.554303
1.91	-0.176117	-0.176123	-0.557641	-0.557649
1.92	-0.181711	-0.181717	-0.561085	-0.561093
1.93	-0.187339	-0.187345	-0.564627	-0.564635
1.94	-0.193004	-0.19301	-0.568266	-0.568275
1.95	-0.198705	-0.198711	-0.572003	-0.572011
1.96	-0.204444	-0.204451	-0.575836	-0.575844
1.97	-0.210222	-0.210229	-0.579765	-0.579773
1.98	-0.21604	-0.216047	-0.583789	-0.583797
1.99	-0.221898	-0.221905	-0.587907	-0.587915
2	-0.227798	-0.227805	-0.592119	-0.592127
2.01	-0.233741	-0.233748	-0.596423	-0.596431
2.02	-0.239727	-0.239734	-0.600819	-0.600826
2.03	-0.245758	-0.245765	-0.605305	-0.605312
2.04	-0.251833	-0.251841	-0.60988	-0.609887
2.05	-0.257955	-0.257963	-0.614543	-0.61455
2.06	-0.264125	-0.264133	-0.619292	-0.619299
2.07	-0.270342	-0.27035	-0.624126	-0.624133
2.08	-0.276607	-0.276616	-0.629043	-0.62905
2.09	-0.282923	-0.282931	-0.634042	-0.634048
2.1	-0.289288	-0.289297	-0.639119	-0.639126
2.11	-0.295705	-0.295714	-0.644274	-0.64428
2.12	-0.302174	-0.302183	-0.649503	-0.649509
2.13	-0.308696	-0.308705	-0.654805	-0.654811
2.14	-0.315271	-0.31528	-0.660177	-0.660182
2.15	-0.321899	-0.321909	-0.665615	-0.665621
2.16	-0.328583	-0.328592	-0.671118	-0.671123
2.17	-0.335322	-0.335331	-0.676681	-0.676686
2.18	-0.342117	-0.342126	-0.682302	-0.682306
2.19	-0.348968	-0.348978	-0.687976	-0.68798
2.2	-0.355877	-0.355886	-0.693701	-0.693704
2.21	-0.362842	-0.362852	-0.699471	-0.699474
2.22	-0.369866	-0.369876	-0.705282	-0.705285
2.23	-0.376948	-0.376958	-0.71113	-0.711133
2.24	-0.384089	-0.384099	-0.71701	-0.717012
2.25	-0.391288	-0.391298	-0.722917	-0.722919
2.26	-0.398547	-0.398557	-0.728845	-0.728846
2.27	-0.405865	-0.405875	-0.734789	-0.734789
2.28	-0.413243	-0.413253	-0.740742	-0.740742
2.29	-0.42068	-0.42069	-0.746698	-0.746697
2.3	-0.428177	-0.428187	-0.75265	-0.752649
2.31	-0.435733	-0.435743	-0.758591	-0.75859
2.32	-0.443349	-0.443359	-0.764515	-0.764513
2.33	-0.451023	-0.451033	-0.770412	-0.770409
2.34	-0.458757	-0.458767	-0.776275	-0.776271
2.35	-0.466549	-0.466558	-0.782094	-0.78209
2.36	-0.474399	-0.474408	-0.787863	-0.787857
2.37	-0.482306	-0.482315	-0.793569	-0.793563
2.38	-0.49027	-0.490279	-0.799205	-0.799198
2.39	-0.49829	-0.498299	-0.804759	-0.804752
2.4	-0.506365	-0.506374	-0.810222	-0.810213
2.41	-0.514494	-0.514503	-0.815581	-0.815571
2.42	-0.522676	-0.522684	-0.820825	-0.820815
2.43	-0.53091	-0.530918	-0.825943	-0.825932
2.44	-0.539194	-0.539202	-0.830922	-0.83091
2.45	-0.547528	-0.547536	-0.835749	-0.835735
2.46	-0.555909	-0.555916	-0.84041	-0.840396
2.47	-0.564335	-0.564343	-0.844893	-0.844877
2.48	-0.572806	-0.572813	-0.849182	-0.849164
2.49	-0.581318	-0.581325	-0.853262	-0.853244
2.5	-0.58987	-0.589877	-0.85712	-0.8571
2.51	-0.59846	-0.598466	-0.860738	-0.860717
2.52	-0.607084	-0.60709	-0.864102	-0.864079
2.53	-0.615741	-0.615746	-0.867194	-0.86717
2.54	-0.624427	-0.624432	-0.869998	-0.869973
2.55	-0.63314	-0.633144	-0.872498	-0.872471
2.56	-0.641876	-0.641879	-0.874674	-0.874645
2.57	-0.650632	-0.650635	-0.87651	-0.87648
2.58	-0.659405	-0.659407	-0.877987	-0.877955
2.59	-0.668191	-0.668192	-0.879086	-0.879053
2.6	-0.676985	-0.676986	-0.87979	-0.879756
2.61	-0.685785	-0.685785	-0.88008	-0.880044
2.62	-0.694586	-0.694585	-0.879935	-0.879898
2.63	-0.703382	-0.703381	-0.879338	-0.879299
2.64	-0.712171	-0.712169	-0.878269	-0.878228
2.65	-0.720946	-0.720943	-0.876709	-0.876666
2.66	-0.729703	-0.729699	-0.874638	-0.874594
2.67	-0.738437	-0.738432	-0.872038	-0.871992
2.68	-0.747142	-0.747137	-0.868889	-0.868842
2.69	-0.755813	-0.755806	-0.865174	-0.865125
2.7	-0.764444	-0.764436	-0.860873	-0.860823
2.71	-0.773028	-0.77302	-0.855969	-0.855918
2.72	-0.781561	-0.781551	-0.850445	-0.850392
2.73	-0.790035	-0.790024	-0.844282	-0.844228
2.74	-0.798445	-0.798433	-0.837466	-0.83741
2.75	-0.806782	-0.806769	-0.829979	-0.829922
2.76	-0.815042	-0.815028	-0.821809	-0.82175
2.77	-0.823216	-0.823201	-0.812939	-0.81288
2.78	-0.831298	-0.831282	-0.803358	-0.803298
2.79	-0.839281	-0.839263	-0.793053	-0.792992
2.8	-0.847157	-0.847138	-0.782015	-0.781953
2.81	-0.854919	-0.854898	-0.770232	-0.770169
2.82	-0.862559	-0.862537	-0.757697	-0.757634
2.83	-0.87007	-0.870047	-0.744404	-0.74434
2.84	-0.877445	-0.87742	-0.730347	-0.730283
2.85	-0.884675	-0.884649	-0.715522	-0.715458
2.86	-0.891752	-0.891726	-0.699928	-0.699864
2.87	-0.898671	-0.898643	-0.683564	-0.6835
2.88	-0.905421	-0.905392	-0.666432	-0.666368
2.89	-0.911997	-0.911966	-0.648536	-0.648472
2.9	-0.918389	-0.918358	-0.629881	-0.629818
2.91	-0.924592	-0.924559	-0.610474	-0.610412
2.92	-0.930596	-0.930562	-0.590326	-0.590265
2.93	-0.936396	-0.93636	-0.569447	-0.569388
2.94	-0.941983	-0.941946	-0.547853	-0.547794
2.95	-0.947351	-0.947313	-0.525558	-0.525501
2.96	-0.952492	-0.952453	-0.502581	-0.502526
2.97	-0.9574	-0.95736	-0.478942	-0.478888
2.98	-0.962068	-0.962028	-0.454663	-0.454612
2.99	-0.966491	-0.966449	-0.429769	-0.42972
3	-0.970662	-0.970746	-0.404287	-0.42972
